Seagull (Liu et al. 2006)
1.000000 0.000000
0.999889 0.000056
0.999556 0.000225
0.999000 0.000506
0.998223 0.000898
0.997224 0.001401
0.996004 0.002013
0.994564 0.002734
0.992904 0.003560
0.991025 0.004490
0.988927 0.005523
0.986612 0.006655
0.984081 0.007885
0.981335 0.009208
0.978374 0.010623
0.975201 0.012127
0.971817 0.013715
0.968223 0.015384
0.964421 0.017131
0.960412 0.018951
0.956199 0.020842
0.951783 0.022799
0.947166 0.024818
0.942351 0.026895
0.937338 0.029025
0.932132 0.031205
0.926733 0.033431
0.921144 0.035697
0.915368 0.038001
0.909408 0.040337
0.903266 0.042702
0.896944 0.045091
0.890446 0.047501
0.883774 0.049928
0.876932 0.052367
0.869922 0.054816
0.862748 0.057270
0.855412 0.059726
0.847919 0.062181
0.840270 0.064631
0.832471 0.067073
0.824524 0.069505
0.816432 0.071924
0.808200 0.074326
0.799831 0.076709
0.791328 0.079072
0.782696 0.081412
0.773938 0.083726
0.765059 0.086013
0.756062 0.088272
0.746951 0.090499
0.737730 0.092695
0.728403 0.094857
0.718975 0.096985
0.709450 0.099076
0.699831 0.101130
0.690124 0.103146
0.680332 0.105123
0.670460 0.107059
0.660512 0.108954
0.650493 0.110807
0.640406 0.112617
0.630258 0.114382
0.620051 0.116103
0.609792 0.117778
0.599483 0.119406
0.589130 0.120986
0.578738 0.122517
0.568310 0.123998
0.557853 0.125427
0.547369 0.126802
0.536864 0.128124
0.526343 0.129388
0.515811 0.130595
0.505271 0.131742
0.494729 0.132828
0.484189 0.133850
0.473657 0.134805
0.463136 0.135693
0.452631 0.136509
0.442147 0.137253
0.431690 0.137921
0.421262 0.138511
0.410870 0.139019
0.400517 0.139444
0.390208 0.139782
0.379949 0.140031
0.369742 0.140187
0.359594 0.140249
0.349507 0.140213
0.339488 0.140076
0.329540 0.139836
0.319668 0.139491
0.309876 0.139037
0.300169 0.138474
0.290550 0.137798
0.281025 0.137008
0.271597 0.136102
0.262270 0.135080
0.253049 0.133939
0.243938 0.132679
0.234941 0.131299
0.226062 0.129800
0.217304 0.128182
0.208672 0.126444
0.200169 0.124588
0.191800 0.122616
0.183568 0.120528
0.175476 0.118328
0.167529 0.116017
0.159730 0.113598
0.152081 0.111076
0.144588 0.108453
0.137252 0.105734
0.130078 0.102924
0.123068 0.100027
0.116226 0.097049
0.109554 0.093996
0.103056 0.090874
0.096734 0.087689
0.090592 0.084448
0.084632 0.081158
0.078856 0.077827
0.073267 0.074462
0.067868 0.071070
0.062662 0.067660
0.057649 0.064240
0.052834 0.060818
0.048217 0.057401
0.043801 0.053999
0.039588 0.050619
0.035579 0.047269
0.031777 0.043958
0.028183 0.040693
0.024799 0.037482
0.021626 0.034332
0.018665 0.031251
0.015919 0.028245
0.013388 0.025320
0.011073 0.022484
0.008975 0.019742
0.007096 0.017099
0.005436 0.014560
0.003996 0.012129
0.002776 0.009811
0.001777 0.007608
0.001000 0.005524
0.000444 0.003560
0.000111 0.001718
0.000000 0.000000
0.000111 -0.001594
0.000444 -0.003065
0.001000 -0.004411
0.001777 -0.005634
0.002776 -0.006733
0.003996 -0.007709
0.005436 -0.008563
0.007096 -0.009294
0.008975 -0.009905
0.011073 -0.010396
0.013388 -0.010768
0.015919 -0.011022
0.018665 -0.011161
0.021626 -0.011184
0.024799 -0.011096
0.028183 -0.010896
0.031777 -0.010587
0.035579 -0.010172
0.039588 -0.009653
0.043801 -0.009032
0.048217 -0.008312
0.052834 -0.007496
0.057649 -0.006587
0.062662 -0.005589
0.067868 -0.004504
0.073267 -0.003335
0.078856 -0.002088
0.084632 -0.000765
0.090592 0.000629
0.096734 0.002091
0.103056 0.003617
0.109554 0.005201
0.116226 0.006839
0.123068 0.008528
0.130078 0.010262
0.137252 0.012036
0.144588 0.013847
0.152081 0.015688
0.159730 0.017556
0.167529 0.019444
0.175476 0.021349
0.183568 0.023265
0.191800 0.025187
0.200169 0.027111
0.208672 0.029031
0.217304 0.030943
0.226062 0.032842
0.234941 0.034723
0.243938 0.036582
0.253049 0.038413
0.262270 0.040214
0.271597 0.041978
0.281025 0.043704
0.290550 0.045386
0.300169 0.047020
0.309876 0.048604
0.319668 0.050133
0.329540 0.051605
0.339488 0.053017
0.349507 0.054365
0.359594 0.055647
0.369742 0.056861
0.379949 0.058005
0.390208 0.059077
0.400517 0.060075
0.410870 0.060997
0.421262 0.061843
0.431690 0.062611
0.442147 0.063302
0.452631 0.063913
0.463136 0.064445
0.473657 0.064897
0.484189 0.065271
0.494729 0.065565
0.505271 0.065781
0.515811 0.065919
0.526343 0.065980
0.536864 0.065965
0.547369 0.065875
0.557853 0.065711
0.568310 0.065475
0.578738 0.065168
0.589130 0.064792
0.599483 0.064349
0.609792 0.063840
0.620051 0.063268
0.630258 0.062634
0.640406 0.061941
0.650493 0.061191
0.660512 0.060386
0.670460 0.059528
0.680332 0.058619
0.690124 0.057663
0.699831 0.056661
0.709450 0.055615
0.718975 0.054529
0.728403 0.053404
0.737730 0.052243
0.746951 0.051048
0.756062 0.049822
0.765059 0.048568
0.773938 0.047287
0.782696 0.045982
0.791328 0.044656
0.799831 0.043311
0.808200 0.041949
0.816432 0.040573
0.824524 0.039185
0.832471 0.037788
0.840270 0.036384
0.847919 0.034975
0.855412 0.033564
0.862748 0.032153
0.869922 0.030745
0.876932 0.029341
0.883774 0.027945
0.890446 0.026559
0.896944 0.025185
0.903266 0.023825
0.909408 0.022481
0.915368 0.021157
0.921144 0.019854
0.926733 0.018574
0.932132 0.017320
0.937338 0.016095
0.942351 0.014899
0.947166 0.013736
0.951783 0.012607
0.956199 0.011516
0.960412 0.010462
0.964421 0.009450
0.968223 0.008480
0.971817 0.007555
0.975201 0.006676
0.978374 0.005845
0.981335 0.005063
0.984081 0.004333
0.986612 0.003656
0.988927 0.003032
0.991025 0.002464
0.992904 0.001953
0.994564 0.001499
0.996004 0.001104
0.997224 0.000768
0.998223 0.000492
0.999000 0.000277
0.999556 0.000123
0.999889 0.000031
1.000000 0.000000
